version https://git-lfs.github.com/spec/v1
oid sha256:7b6a93def77a444fd2524d553f6887454afee8c992a1eadf76df341747dc65a5
size 63134
